cam0:
  cam_overlaps: [1]
  camera_model: pinhole
  distortion_coeffs: [0.18816009433919278, -0.5033488405201655, 0.0007878945217995436,
    0.001621753846019057]
  distortion_model: radtan
  intrinsics: [719.055972187725, 718.7909761338702, 367.60291891749614, 218.89158150215187]
  resolution: [752, 480]
  rostopic: /uvc_camera/cam_0/image_raw
cam1:
  T_cn_cnm1:
  - [0.9998472852280291, -0.015821538531795614, -0.00742193644689912, -0.022430759370772616]
  - [0.015882451026810854, 0.9998400668267294, 0.008221223588791156, -6.229823924707656e-05]
  - [0.007290677027262808, -0.008337846628647472, 0.9999386612898193, 0.0002753223974953629]
  - [0.0, 0.0, 0.0, 1.0]
  cam_overlaps: [0]
  camera_model: pinhole
  distortion_coeffs: [0.19088668691105523, -0.5094517300307102, 0.0026626170131518233,
    0.0021164989522964306]
  distortion_model: radtan
  intrinsics: [717.1744472183955, 716.9281774180395, 354.71661128353713, 218.09826410692514]
  resolution: [752, 480]
  rostopic: /uvc_camera/cam_1/image_raw
